   6.0199999999999996e+00   1.3060000000000000e+01   2.1809999999999999e+01   3.0600000000000001e+01   3.4859999999999999e+01   4.3640000000000001e+01   5.2090000000000003e+01   6.0750000000000000e+01
   7.0377335662163754e+00   1.5164540658244027e+01   2.5470636469938679e+01   3.5942966782017272e+01   4.1240878660558408e+01   5.1893581344861616e+01   6.2917397153824759e+01   7.3935452644198023e+01
   1.8000000000000000e+02   1.8000000000000000e+02   1.8000000000000000e+02   1.8000000000000000e+02   1.8000000000000000e+02   1.8000000000000000e+02   1.8000000000000000e+02   1.8000000000000000e+02
   9.9330000000000000e+13   2.1549000000000000e+14   3.5986499999999994e+14   5.0490000000000000e+14   5.7519000000000000e+14   7.2006000000000000e+14   8.5948500000000000e+14   1.0023750000000000e+15
   1.1612260384257019e+14   2.5021492086102644e+14   4.2026550175398819e+14   5.9305895190328487e+14   6.8047449789921375e+14   8.5624409219021662e+14   1.0381370530381084e+15   1.2199349686292672e+15
   1.1419533419676927e+11   1.3492788589742986e+11   1.3835655205212259e+11   1.3775414309397498e+11   1.3422653244580789e+11   1.3321168721815640e+11   1.2663998940081186e+11   1.2528033957557663e+11
   5.2927676765534332e+10   5.6784237911605522e+10   6.1287975639956894e+10   6.3526759487012077e+10   6.5677745939977180e+10   6.5791780899108925e+10   6.8520570528888161e+10   6.7875715689131927e+10
   1.1761759830099541e+11   1.4879141604007404e+11   1.5988717760383203e+11   1.6269223065454691e+11   1.6091740033210965e+11   1.5999730290963104e+11   1.5430259667209689e+11   1.5129631213076553e+11
   4.9505412661308220e+10   4.2920707768961357e+10   3.9757350088247459e+10   3.8588671926440140e+10   3.8986878053675438e+10   3.9006165207634285e+10   4.0857963257603119e+10   4.1859743133943039e+10
   4.9505412661308217e+00   4.2920707768961357e+00   3.9757350088247461e+00   3.8588671926440141e+00   3.8986878053675440e+00   3.9006165207634287e+00   4.0857963257603123e+00   4.1859743133943041e+00
   2.4682872623315152e+13   5.4326673579860914e+13   1.0114127208484287e+14   1.5509045802608519e+14   1.8993171525640462e+14   2.5430185303659675e+14   3.4527528484992900e+14   4.3086375986561781e+14
   4.0310640571696357e+12   1.0232456302831062e+13   1.8922988643226211e+13   2.8333960953955059e+13   3.3119488631448477e+13   4.3331483596981258e+13   5.3620454371914617e+13   6.4529570562256711e+13
   5.2073704597384949e+10   5.2989806714421371e+10   5.0224652157345459e+10   4.8060588614507881e+10   4.6398436560848381e+10   4.5403999692717987e+10   4.3252011822066574e+10   4.2919881703487083e+10
   2.4135313621178444e+10   2.2300696192995132e+10   2.2248077248882805e+10   2.2163641580168262e+10   2.2702998229399036e+10   2.2424533928726955e+10   2.3402185522855213e+10   2.3253590290275646e+10
   2.6703605557255161e+10   3.2369795138455151e+10   3.2715379317980808e+10   3.1635558268236004e+10   3.0114556736571983e+10   2.8822368413810658e+10   2.5796234087318672e+10   2.4313728859819698e+10
   1.8907755385140914e+13   3.7608059822053117e+13   6.7625715357982789e+13   1.0171158480656981e+14   1.2557630689842291e+14   1.6596884578042941e+14   2.3030269572620775e+14   2.8700445100852194e+14
   4.0132799124347700e+12   1.0136111611227912e+13   1.8627306482078613e+13   2.7716696852026441e+13   3.2296619669879254e+13   4.1993061756048219e+13   5.1637033784491516e+13   6.1758618667521312e+13
   9.3201568544994484e+13   2.0247074942774541e+14   3.3401247991392675e+14   4.6363067024468862e+14   5.2260157133091162e+14   6.4828218465373900e+14   7.5619732352740925e+14   8.7117189895322387e+14
   4.9083037964635547e+00   3.9169276760271359e+00   3.3917478900048907e+00   3.0921027743815928e+00   2.9680196224467910e+00   2.7942913128631544e+00   2.6316761461170359e+00   2.5184973844630916e+00
   1.1727520676685613e+02   1.9659836774640706e+02   2.8797168940859569e+02   3.7691434484640394e+02   4.2735583202698115e+02   5.1808561751094840e+02   6.3323888774260604e+02   7.3818432915536255e+02
   2.8748643872055386e+01   3.3814023653531777e+01   4.0423478963605668e+01   4.7589342237408651e+01   5.1941953391004937e+01   6.0250834230448739e+01   7.1611815587117206e+01   8.2693345042504660e+01
   2.3758533052875928e+00   3.4666580253290773e+00   4.0215753124626810e+00   4.2160619304204054e+00   4.1274759192199388e+00   4.1018465172863596e+00   3.7765611491508526e+00   3.6143631279973900e+00
   5.3940779647567327e-01   7.5417663922736544e-01   8.2287625421121036e-01   8.1981464219710520e-01   7.7242801270498163e-01   7.3891827767189855e-01   6.3136368116730190e-01   5.8083798512619855e-01
   9.4390457624299131e+01   7.5325532231291078e+01   6.5225920961632511e+01   5.9463514891953707e+01   5.7077300431669059e+01   5.3736371401214512e+01   5.0609156656096850e+01   4.8432642008905610e+01
   1.6755286124723567e-01   1.1632096280006032e-01   9.0955936239405205e-02   7.7659679229717865e-02   7.3690735317627293e-02   6.6788393920563530e-02   6.2948721190567145e-02   5.9412216057906739e-02
   6.3419751307810890e-01   6.1698478259191636e-01   5.9286707211741041e-01   5.7335705041407203e-01   5.5900759083247853e-01   5.4499283499985174e-01   5.1829920214637748e-01   5.0457852043210116e-01
   6.6282406740429085e+00   6.5636929347196862e+00   6.4732515204402885e+00   6.4000889390527700e+00   6.3462784656217952e+00   6.2937231312494442e+00   6.1936220080489157e+00   6.1421694516203802e+00
   2.3782406740429081e+00   2.3136929347196862e+00   2.2232515204402890e+00   2.1500889390527700e+00   2.0962784656217943e+00   2.0437231312494442e+00   1.9436220080489155e+00   1.8921694516203795e+00
   2.2703750070561651e-01   2.1755149591248588e-01   2.0461540323791869e-01   1.9445033202236603e-01   1.8714294833510858e-01   1.8014283922079599e-01   1.6717952026521860e-01   1.6070271983103804e-01
   1.8154925506403496e-01   1.6975837693167803e-01   1.5861259956826051e-01   1.5062982083292567e-01   1.4535867129007735e-01   1.4017677721135194e-01   1.3107125223096835e-01   1.2649923302267546e-01
   1.1482117083259353e+00   5.3287522932091214e-01   3.1725976264257583e-01   2.2482306844105629e-01   1.9594170500873284e-01   1.5571883595981997e-01   1.2843519354514252e-01   1.0929544341461757e-01
   1.6282579583536166e-01   1.5030302626493353e-01   1.6091188802256012e-01   1.7150332944161809e-01   1.8454226761782663e-01   1.9383356602892512e-01   2.2184228474672668e-01   2.3526209051208968e-01
   1.2141872848555450e+16   8.5731266363355210e+15   6.5220576690844050e+15   5.3775464803698080e+15   4.9886171752527940e+15   4.3705430097253040e+15   3.9496936384135645e+15   3.6096987520939355e+15
   3.2452708360714899e+17   5.4301751063208122e+17   9.0529340047472371e+17   1.2992091448601741e+18   1.6366806184076398e+18   2.0939134626846620e+18   3.0656138337432499e+18   3.8082614264123674e+18
   2.6727926379640749e+01   6.3339494873504805e+01   1.3880487514944232e+02   2.4159886848078511e+02   3.2808302599902396e+02   4.7909686691683373e+02   7.7616496730986603e+02   1.0550081012171024e+03
